"counts" <-
c(248, 143, 42, 21, 17, 32, 153, 259)
"d1" <-
2.33238
"c" <-
-0.0803105
"nratings" <-
2
"nTot" <-
915
"Tol" <-
1E-05
