"counts" <-
c(1811, 635, 589, 520, 122, 150, 117, 152, 161, 98, 177, 134, 503, 635, 648, 1743)
"d1" <-
2.20117
"c" <-
0.0160262
"nratings" <-
4
"nTot" <-
8195
"Tol" <-
1E-05
