"d1" <-
1.50053
"c1" <-
-0
"counts" <-
c(91, 85, 107, 104, 55, 36, 15, 7, 7, 14, 37, 55, 120, 103, 91, 73)
"nratings" <-
4
"nTot" <-
1000
"Tol" <-
1E-05
