"nsubj" <-
30
"counts" <-
structure(c(56,51,51,50,49,65,50,46,57,50,64,63,67,64,46,44,59,58,53,58,63,52,66,70,48,54,54,33,54,40,52,43,44,46,56,49,45,29,35,38,35,59,43,50,53,45,35,54,47,45,57,38,48,49,55,40,44,41,45,49,66,51,59,70,51,75,37,51,58,46,69,63,53,40,52,44,49,50,59,60,52,56,54,52,53,57,68,51,58,65,52,57,63,61,54,43,44,64,60,50,47,55,63,51,54,59,56,43,63,60,40,59,50,59,58,50,48,43,59,60,13,25,15,12,23,8,34,28,23,40,14,7,15,27,22,32,28,24,11,13,19,20,15,10,18,20,11,42,19,19,7,15,12,5,7,5,26,17,13,16,11,1,3,13,10,14,11,13,8,9,8,17,13,6,10,16,16,24,8,11,3,6,4,5,8,4,10,6,2,5,8,2,6,2,10,8,8,8,6,3,10,5,1,4,3,9,6,14,3,6,1,2,2,1,2,1,4,9,2,5,2,0,0,3,3,4,4,0,3,2,1,3,3,0,5,4,3,2,4,0,1,6,2,1,4,0,4,4,1,7,6,0,4,4,4,4,4,2,2,4,1,3,1,2,5,5,2,6,1,2,2,7,5,3,2,6,13,10,10,6,8,0,1,6,3,8,5,2,6,4,9,10,3,4,3,4,4,10,5,5,12,10,9,8,6,2,22,16,8,16,7,2,8,15,12,19,17,15,9,8,8,17,9,4,11,22,5,26,13,10,9,25,17,11,28,10,35,30,21,37,14,8,11,20,26,27,25,26,11,11,20,15,19,10,17,18,25,40,15,19,60,50,51,62,54,54,36,48,60,65,57,58,54,62,48,43,61,50,48,53,55,45,62,57,61,55,42,34,48,67,55,58,54,57,67,54,44,56,61,46,58,57,69,44,62,50,47,46,71,67,43,62,53,61,43,55,60,38,43,57,42,44,56,52,36,66,44,40,39,34,52,60,46,51,44,44,39,54,50,42,59,48,38,50,54,49,50,48,55,43,69,50,56,56,53,58,52,46,50,39,48,65,57,48,51,55,52,55,53,61,55,50,65,62,56,42,62,48,70,47), .Dim=c(30,16))
"nratings" <-
4
"nTot" <-
c(500, 500, 500, 500, 500, 500, 500, 500, 500, 500, 500, 500, 500, 500, 500, 500, 500, 500, 500, 500, 500, 500, 500, 500, 500, 500, 500, 500, 500, 500)
"Tol" <-
1E-05
