"nsubj" <-
45
"counts" <-
structure(c(14,3,16,14,7,12,18,13,11,15,19,12,15,14,13,17,2,12,14,13,5,7,14,22,8,17,8,6,17,1,1,13,12,9,15,6,1,12,11,21,18,6,7,15,10,2,8,1,1,1,1,5,3,6,2,3,1,1,1,3,1,3,6,6,1,1,2,2,2,14,1,5,3,4,9,7,1,2,2,2,1,3,1,8,1,3,4,1,1,2,1,4,3,2,4,1,3,1,2,1,1,2,2,1,1,1,2,1,4,3,3,2,2,1,4,2,1,1,1,6,4,1,1,2,1,1,11,1,1,3,1,3,3,1,3,5,2,2,4,5,5,1,3,1,2,4,2,8,4,1,3,3,1,1,2,1,2,1,1,1,2,2,6,5,1,1,3,5,1,1,7,6,5,1,4,6,4,7,2,1,4,2,1,3,1,5,4,3,2,1,2,1,3,2,4,5,1,1,3,2,1,2,2,3,1,2,1,2,2,1,1,1,1,2,3,1,1,3,2,2,9,1,10,7,1,2,1,1,1,1,1,1,2,1,4,1,2,1,1,1,1,2,3,3,2,2,1,1,2,2,2,4,5,2,2,2,2,2,1,1,2,2,2,2,1,1,4,4,2,3,1,6,2,1,6,1,2,8,4,3,1,1,1,2,4,1,9,3,1,1,8,4,3,1,15,1,7,1,2,12,20,3,1,5,1,2,17,1,9,5,1,5,2,3,4,19,8,22,12,13,12,10,7,17,12,7,17,7,13,11,9,12,7,6,14,13,14,9,16,3,17,6,10,11,12,2,14,14,12,12,18,7,13,6,7,9,17,10,9,20), .Dim=c(45,8))
"d1" <-
c(1.27903, 1.21712, 2.03406, 1.21201, 1.13773, 0.907524, 1.50001, 1.42912, 2.04774, 1.60491, 1.40297, 1.67269, 0.677941, 1.53692, 1.75644, 1.15656, 1.08032, 1.70416, 0.890737, 1.35318, 1.3102, 1.46191, 1.71101, 2.03406, 1.85265, 1.71451, 1.37572, 0.414981, 1.4063, 1.36078, 1.37672, 1.68392, 1.39664, 1.69533, 1.82484, 0.97606, 0.324855, 1.05152, 1.96283, 1.45091, 0.647604, 1.06488, -0.225285, 1.10634, 1.6434)
"c" <-
c(-0.0644063, -0.253072, -0.307928, -0.0684853, -0.638549, -1.66533E-16, 0.241519, 0.0770772, -0.0564489, 0.164969, 0.152963, -0.161856, -0.0567546, -0.130975, 0.240737, 0.278974, -0.54016, 0.32768, 0.355726, -0.0788275, -0.425218, -0.267247, 0.0790838, 0.307928, -0.0718769, -0, 0.132935, -0.0595035, 0.0286592, -0.46996, -0.416478, -0.125462, -0.201117, -0.119754, 0.23793, -0.566442, -0.987922, -0.071999, 0.226, -0.050966, 0.323802, -0.32201, -0.0196705, 0.381421, -0.192797)
"nratings" <-
2
"nTot" <-
c(48, 34, 48, 38, 38, 38, 44, 40, 44, 40, 38, 38, 38, 38, 38, 38, 34, 34, 38, 38, 34, 34, 34, 48, 48, 44, 34, 34, 44, 44, 38, 38, 38, 34, 36, 38, 48, 38, 40, 44, 48, 44, 44, 40, 44)
"Tol" <-
1E-05
