"nsubj" <-
20
"counts" <-
structure(c(30,46,28,40,41,23,44,59,43,33,39,41,45,39,41,42,36,18,41,22,28,23,28,30,26,19,24,30,29,25,30,32,28,21,22,32,30,20,34,32,27,36,34,30,33,26,36,22,34,30,24,35,34,32,34,27,32,31,28,32,37,23,29,23,30,32,26,22,25,32,33,26,24,33,26,30,31,34,25,25,14,11,13,9,13,24,7,12,8,20,12,9,11,15,16,9,9,22,14,20,12,8,9,13,4,15,9,5,6,6,7,5,7,8,5,9,8,13,6,10,2,2,6,2,3,8,2,0,4,3,3,2,1,1,4,1,3,6,1,6,0,1,3,3,0,3,2,0,1,1,2,0,0,1,2,0,1,6,1,3,0,1,1,0,0,5,2,1,1,0,1,0,1,1,2,0,1,3,0,2,2,0,0,3,2,8,3,1,1,4,4,2,2,2,2,2,1,8,1,8,10,6,9,11,5,19,7,3,6,7,9,3,4,10,6,6,6,11,7,11,16,15,21,13,13,18,8,12,11,19,10,11,12,12,17,11,13,25,14,18,27,21,27,36,20,34,23,26,30,30,32,22,22,33,26,26,34,27,23,29,32,35,35,30,31,27,34,24,35,35,33,34,37,35,26,29,32,25,31,29,28,35,30,34,28,18,27,38,22,31,21,25,26,20,25,23,25,27,39,32,35,37,27,23,51,21,46,45,44,24,40,53,46,37,46,53,38,24,35,21), .Dim=c(20,16))
"nratings" <-
4
"nTot" <-
c(300, 300, 300, 300, 300, 300, 300, 300, 300, 300, 300, 300, 300, 300, 300, 300, 300, 300, 300, 300)
"Tol" <-
1E-05
