"nsubj" <-
20
"counts" <-
structure(c(213,140,99,179,236,182,119,221,151,139,239,211,162,90,139,133,189,190,168,194,105,98,80,100,94,104,80,111,97,79,88,79,85,64,86,88,81,75,79,85,79,96,99,82,74,75,99,93,83,106,71,77,95,85,97,78,82,69,85,77,52,75,74,69,46,57,60,47,61,61,58,45,45,61,63,62,62,49,59,63,24,38,33,34,17,34,40,16,29,41,11,19,12,43,25,31,25,16,25,22,9,19,41,22,6,12,33,8,19,32,8,10,19,33,25,33,15,17,26,12,8,8,19,6,4,6,11,5,10,11,8,6,10,29,13,10,7,12,13,6,1,10,8,8,0,1,6,2,8,8,3,1,6,25,9,12,6,4,5,4,2,3,5,1,0,1,6,1,1,4,0,1,7,14,11,8,4,6,10,2,9,16,16,7,2,7,22,2,14,7,4,3,11,26,16,19,18,15,15,6,18,29,35,16,10,20,34,10,33,30,13,22,19,44,31,32,21,17,21,23,35,36,63,32,17,33,58,17,32,35,11,12,23,39,33,34,19,24,26,15,61,72,76,59,37,51,67,64,78,57,56,40,56,87,68,59,52,71,58,53,83,87,108,94,82,88,87,84,100,109,77,73,86,89,70,88,75,76,92,76,96,85,87,91,108,110,106,82,107,98,77,97,95,60,76,74,85,65,81,82,169,147,102,164,232,183,133,206,147,150,218,233,187,87,133,144,157,199,127,195), .Dim=c(20,16))
"d1" <-
c(2.4615, 1.93727, 1.45882, 2.24459, 3.12787, 2.36173, 1.56038, 3.04578, 2.06584, 1.87687, 3.06831, 2.80234, 2.38242, 1.11032, 1.81337, 1.69507, 2.26343, 2.32153, 1.99443, 2.57184)
"c" <-
c(0.132627, 0.0437801, 0.0307867, -0.0451989, 0.0119035, 0.0280526, 0.0558746, 0.0112315, 0.0257253, -0.0734172, -0.00107783, -0.00473715, 0.039608, -0.03875, 0.0947975, 0.0190681, 0.0721722, 0.0431091, 0.0359667, 0.0193207)
"nratings" <-
4
"nTot" <-
c(964, 959, 945, 964, 965, 964, 961, 969, 970, 967, 942, 929, 918, 876, 895, 905, 898, 905, 890, 915)
"Tol" <-
1E-05
"grpind" <-
c(0, 0, 0, 0, 0, 0, 0, 0, 0, 0, 1, 1, 1, 1, 1, 1, 1, 1, 1, 1)
