"counts" <-
c(1566, 819, 885, 611, 229, 220, 108, 75, 56, 113, 227, 217, 570, 762, 876, 1696)
"d1" <-
2.17994
"c" <-
-0.00983014
"nratings" <-
4
"nTot" <-
9030
"Tol" <-
1E-05
