"nsubj" <-
20
"counts" <-
structure(c(11,14,16,10,11,23,24,15,18,7,16,12,13,10,16,21,15,13,12,7,9,4,8,6,12,5,13,10,8,11,9,9,8,10,12,11,6,2,4,6,15,12,9,8,10,7,10,7,3,12,6,11,12,8,8,11,7,7,10,5,7,5,10,4,6,10,5,4,5,9,6,4,6,5,4,8,6,5,4,11,2,2,6,4,3,4,2,3,3,3,2,3,1,4,5,2,1,0,2,2,5,1,2,1,4,1,0,3,3,2,0,2,1,4,1,1,2,0,6,2,1,3,0,7,1,1,0,1,0,4,2,3,0,2,0,1,2,0,2,1,2,2,2,1,0,0,0,0,1,1,0,0,0,0,0,0,2,0,0,1,0,5,0,3,1,1,0,0,0,2,1,0,1,0,0,1,2,2,1,2,0,5,1,2,0,0,1,0,2,2,2,0,4,3,0,0,3,1,0,3,3,2,4,4,2,0,0,2,1,1,1,3,3,5,2,1,1,1,2,4,4,0,7,2,4,0,2,7,2,6,1,5,3,7,2,3,1,1,3,4,5,1,7,4,7,10,6,10,4,7,7,8,3,7,4,5,4,5,6,9,11,4,6,3,9,8,9,6,9,9,6,9,4,6,7,5,11,6,8,10,12,8,7,6,14,6,9,9,8,8,7,12,5,14,8,12,4,7,5,7,8,9,14,13,15,18,16,23,14,14,21,16,20,3,20,15,15,22,10,7,9,12,15,13,18,18,18,10,15,11,14,12,11,7,22,24,22,24,12,5,7,4,10,4,10,16,16,17,6,10,10,7,7,11,10,11,4,4,8,4,6,4,8,6,9,8,9,9,8,11,5,9,6,12,6,6,5,4,7,17,5,7,7,4,7,9,3,8,3,7,6,11,7,10,7,2,6,5,7,8,4,3,3,3,6,2,1,3,2,5,0,3,5,6,3,2,1,0,6,6,3,1,1,1,2,1,2,0,3,5,0,2,3,2,1,3,1,0,6,2,1,2,2,0,1,0,0,0,1,2,2,2,0,0,0,0,2,0,3,3,1,5,1,3,0,0,0,0,0,0,0,0,0,0,0,2,2,2,2,0,0,2,0,0,0,0,0,1,1,0,1,0,1,1,0,1,3,1,1,2,5,6,0,1,0,0,3,1,2,1,1,1,0,2,2,1,1,1,3,5,1,0,0,2,3,2,0,4,3,1,2,1,2,3,0,0,3,2,2,8,5,4,5,3,3,3,2,4,4,7,2,0,1,11,4,1,1,0,2,11,7,4,11,6,10,4,7,5,7,14,6,10,11,13,6,8,2,4,4,4,11,10,13,5,8,7,6,11,12,9,7,5,4,8,6,9,9,2,6,12,12,8,4,8,10,9,10,16,5,8,9,9,13,6,13,6,3,5,8,8,12,10,14,14,13,14,21,11,20,9,13,15,19,8,17,16,16,17,9,2), .Dim=c(20,16,2))
"d1" <-
structure(c(1.80075,1.23234,1.48672,0.980554,2.0001,2.97415,3.09876,1.93136,2.02783,1.54527,2.43188,1.88717,2.19793,1.13148,2.35671,2.53901,1.84165,3.27733,1.56867,1.47473,1.44956,1.12866,2.2125,1.77587,2.03215,2.61657,2.70232,2.31604,1.84197,1.58296,2.52413,2.55499,2.16016,1.37994,2.45469,2.44488,1.82537,2.63092,1.1408,0.67449), .Dim=c(20,2))
"c" <-
structure(c(-0.0519953,0.250062,0.118274,-0.0265695,-0.0735124,-0.336727,0.141243,-0.0133084,-0.09309,0.0337872,0.0259285,-0.0615861,0.459818,0.144956,-0.0903544,0.133166,-0,0.461501,-0.128913,0.175883,-0.071403,-0.0251241,-0.096259,-0.0962982,-0.0850711,0.216662,0.124631,0.296387,0.0464352,-0.0864152,0.245841,-0.281288,-0.282303,0.250576,0.113409,-0.173308,0.133545,0.218658,-0.14847,0.337245), .Dim=c(20,2))
"nratings" <-
4
"nTot" <-
structure(c(95,77,99,78,99,94,97,100,81,98,87,97,84,88,89,97,82,72,75,81,89,82,94,73,100,93,98,100,92,100,78,87,90,100,97,92,81,71,86,97), .Dim=c(20,2))
"Tol" <-
1E-05
