"counts" <-
c(1643, 893, 834, 579, 211, 193, 138, 68, 72, 122, 217, 217, 603, 816, 902, 1556)
"d1" <-
2.19162
"c" <-
0.0127923
"nratings" <-
4
"nTot" <-
9064
"Tol" <-
1E-05
