"nsubj" <-
10
"counts" <-
structure(c(172,222,112,123,55,170,149,183,107,140,89,102,90,98,82,97,80,116,63,109,85,87,91,94,91,97,109,83,78,86,76,52,76,66,97,60,74,52,73,62,27,13,59,49,67,27,44,18,53,44,17,13,33,36,47,14,32,11,37,19,9,5,15,16,37,10,9,4,19,12,5,3,15,7,19,2,4,0,5,1,2,0,7,4,16,5,2,2,4,4,8,3,17,15,27,7,10,7,23,10,14,17,36,28,52,27,35,11,34,32,34,30,62,40,59,42,35,24,57,37,77,37,77,89,85,56,59,58,96,76,87,81,90,86,76,98,85,85,108,93,78,95,67,86,59,90,99,99,88,110,177,213,105,119,71,164,136,211,94,125), .Dim=c(10,16))
"d1" <-
c(2.33007, 2.72999, 1.30523, 1.65651, 0.797274, 2.18514, 1.84274, 2.80884, 1.35891, 1.93855)
"c" <-
c(0.00188581, 0.116201, 0.0250739, -0.0608778, 0.00361299, 0.123786, 0.000545254, 0.0596965, -0.044151, 0.0194749)
"nratings" <-
4
"nTot" <-
c(957, 973, 952, 956, 940, 966, 962, 964, 939, 960)
"Tol" <-
1E-05
