"nsubj" <-
10
"counts" <-
structure(c(71,218,144,180,191,84,93,191,145,275,69,99,86,93,102,78,85,92,89,99,105,95,110,90,91,99,91,73,85,63,81,50,68,53,58,71,76,61,67,37,71,23,41,36,24,57,53,29,46,12,41,22,24,18,19,52,50,13,27,3,26,8,15,6,8,31,20,5,17,1,17,0,6,2,0,15,8,2,3,0,11,1,3,4,2,8,13,0,2,0,25,5,10,13,7,19,18,6,12,3,40,13,24,17,11,55,49,22,26,8,62,31,34,33,24,66,55,32,34,14,79,49,63,70,53,73,73,60,75,38,102,93,89,89,83,82,111,89,91,64,79,88,105,113,103,85,66,99,89,95,68,177,143,149,192,74,91,191,145,279,158,195,163,172,134,190,112,94,145,166,92,96,86,86,80,88,76,87,77,101,88,82,84,71,77,92,84,83,90,86,53,57,56,58,65,54,58,72,56,64,20,17,21,33,19,16,43,35,27,13,21,12,27,18,25,19,34,38,30,24,5,8,9,12,14,7,26,19,11,9,4,7,5,0,13,4,11,14,2,1,5,2,10,6,6,6,13,10,8,3,10,6,14,15,11,5,21,22,16,7,22,13,25,29,31,16,25,42,20,18,26,21,15,18,19,21,40,47,23,23,59,52,65,55,67,57,72,62,58,45,82,79,75,71,114,90,69,91,91,69,101,81,80,91,80,78,79,70,76,94,157,190,171,163,137,189,102,96,144,183), .Dim=c(10,16,2))
"d1" <-
structure(c(0.994681,2.48598,1.96566,2.21331,2.57728,0.93713,1.16652,2.41811,1.86789,3.46745,2.29743,2.626,2.16194,2.10225,2.02465,2.54378,1.37162,1.30123,2.00951,2.46332), .Dim=c(10,2))
"c" <-
structure(c(-0.0369394,0.017855,-0.0472621,0.0174711,-0.0309432,0.00291888,0.0124589,0.0390529,-0.0735742,0.0965461,0.0554981,0.0054053,0.00713297,0.0256149,-0.0464584,0.0169559,-0.0341277,0.0543822,-0.0127274,0.0377317), .Dim=c(10,2))
"nratings" <-
4
"nTot" <-
structure(c(947,972,965,966,968,949,952,965,953,991,903,918,906,898,892,932,865,882,874,906), .Dim=c(10,2))
"Tol" <-
1E-05
