"d1" <-
c(0.607147, 1.00359, 0.366106, 1.42912, 0.976467, 0.745279, 0.645112, 1.54052, 1.49572, 1.60491, 1.3198, 1.08707, 1.03268, 1.17976, 0.745279, 0.945578, 1.29941, 1.33141, 1.15774, 0.791639, 1.00359, 1.22419, 0.878525, 0.911287, 0.878525, 0.823707, 1.03268, 0.732213, 0.863307, 1.29941)
"c1" <-
c(-0.062533, 0.135689, 0.183053, 0.0770772, 0.569181, 0.0433479, -0.484985, 0.44097, 3.88578E-16, 0.164969, -0.740846, 0.423887, 0.275299, 0.589881, -0.0433479, 4.71845E-16, 0.530057, 0.994994, -0.212766, 0.395819, -0.135689, 0.853137, 0.198222, -0.335995, -0.198222, 0.112547, -0.275299, 2.22045E-16, -0.0655471, -0.530057)
"nsubj" <-
30
"counts" <-
structure(c(0,0,0,0,0,11,0,17,5,2,0,0,8,18,0,0,0,28,0,7,0,0,0,1,0,0,9,0,0,0,1,0,0,4,0,5,2,1,2,3,0,5,4,0,5,0,0,1,0,0,11,0,0,1,0,3,1,0,0,0,3,1,0,9,0,3,3,6,1,2,0,0,4,0,4,2,5,0,6,4,0,1,5,2,0,2,1,1,0,1,6,3,10,0,1,0,1,1,0,5,9,6,0,0,7,0,4,0,0,3,1,12,4,1,3,4,0,10,2,1,2,8,2,2,6,0,1,1,0,2,0,0,0,0,3,2,2,0,0,2,0,3,6,0,0,0,0,2,3,1,0,0,0,1,10,1,1,0,0,1,5,6,0,0,0,1,1,0,0,0,0,2,0,2,1,0,1,0,8,1,0,0,0,0,9,0,3,0,0,1,0,0,0,0,0,1,3,0,0,0,0,0,0,3,2,0,0,0,0,0,0,3,0,0,0,0,0,1,0,0,0,0,0,0,0,1,2,0,0,0,0,1,0,0,3,1,0,0,0,2,0,0,0,0,0,0,1,0,0,0,0,0,0,0,0,0,1,0,0,0,1,0,0,1,3,0,0,0,0,2,0,0,1,0,0,0,1,0,0,1,0,0,0,0,0,0,0,0,7,0,0,0,0,0,0,0,0,0,0,3,0,0,0,0,0,0,5,2,0,0,0,0,0,0,0,0,0,0,6,0,5,0,0,0,2,0,0,0,0,2,0,1,0,0,0,0,3,0,0,0,0,0,0,0,0,0,1,0,0,0,2,0,0,5,0,0,0,0,0,1,2,2,0,0,1,0,0,0,0,1,0,0,0,0,0,0,0,0,0,0,0,1,0,2,4,0,0,0,0,0,0,0,0,0,1,0,2,0,0,0,0,0,0,0,0,1,0,0,0,0,0,0,0,1,2,0,1,0,0,0,3,0,1,0,2,0,2,1,0,0,12,2,2,0,0,1,0,0,0,1,0,0,1,1,0,1,2,1,3,3,1,1,5,2,0,0,2,0,0,0,0,0,0,0,0,0,0,0,0,1,0,0,1,0,0,0,1,1,4,2,2,1,1,1,0,0,2,0,0,0,4,0,0,0,3,1,1,0,0,2,0,0,3,0,0,2,0,5,0,0,0,0,0,1,0,1,1,0,1,1,0,0,0,0,4,0,0,0,1,0,0,0,0,0,0,0,1,0,0,1,0,0,0,0,0,3,0,0,1,1,0,1,2,0,4,0,0,1,0,0,0,0,0,0,0,1,3,0,0,0,0,0,0,0,0,6,0,0,0,0,0,0,0,2,0,0,0,0,0,0,0,0,0,0,0,0,0,0,0,0,0,0,0,0,0,6,0,1,1,0,0,0,3,10,0,0,0,17,0,1,0,0,0,0,0,0,1,0,0,0,0,0,0,0,0,5,0,0,0,2,0,2,2,0,0,0,0,2,0,0,3,0,0,0,0,0,0,0,0,0,1,0,0,3,0,0,0,2,1,1,0,0,3,0,1,0,3,0,1,1,0,1,0,0,2,2,1,1,0,0,2,0,8,0,1,0,0,2,0,0,1,3,0,0,4,0,0,0,0,2,0,7,3,1,1,3,0,3,0,0,1,2,2,1,2,0,0,0,0,1,0,0,0,0,5,0,3,0,0,6,0,1,3,2,0,1,0,3,1,0,0,2,0,1,6,0,0,0,0,0,1,4,0,0,0,0,1,0,0,0,0,3,2,1,0,0,2,0,5,0,1,0,0,0,7,0,0,2,0,0,0,0,0,0,0,2,0,0,0,0,0,0,0,0,2,0,0,0,0,0,2,3,0,0,0,0,1,1,0,0,0,0,0,0,0,1,1,0,0,0,0,0,0,0,0,0,0,0,0,0,0,0,0,0,0,0,2,3,0,0,0,0,0,0,0,0,1,0,0,0,1,0,0,0,0,0,0,0,0,1,0,0,0,0,0,0,3,0,0,1,0,0,0,0,0,0,0,0,3,0,1,0,0,0,0,0,0,0,0,1,0,0,1,0,0,0,1,1,0,0,1,0,0,0,0,0,0,0,11,0,4,0,0,0,2,0,0,0,0,1,0,1,0,0,0,0,3,2,0,1,0,0,0,0,0,0,1,0,0,0,6,1,0,3,5,0,0,0,0,1,0,0,0,0,1,0,2,3,0,0,0,0,0,0,0,0,2,0,0,0,2,3,0,0,0,0,0,0,0,3,1,3,1,0,8,1,1,0,2,0,0,0,0,0,0,1,1,0,0,0,3,0,0,8,1,0,2,0,0,1,4,2,0,0,1,1,2,2,1,2,1,5,1,0,0,3,1,0,0,1,0,4,4,1,3,1,1,0,6,1,3,2,6,0,1,0,2,1,1,0,0,0,1,0,0,1,1,0,0,1,0,0,4,0,0,3,3,1,6,2,3,3,2,2,1,0,3,1,2,3,15,2,0,0,6,1,1,0,0,2,0,0,3,2,2,1,1,10,2,2,1,2,0,2,0,1,8,2,0,3,0,0,7,0,8,0,2,0,5,2,0,0,1,1,2,2,1,2,0,4,1,0,0,11,1,2,2,1,2,1,0,4,3,0,6,1,2,6,0,2,0,0,0,1,0,2,2,0,0,1,0,0,0,0,1,14,0,6,0,5,11,0,0,10,0,0,0,5,0,2,0,0,0,0,0,1,6,0,0,2), .Dim=c(30,40))
"nratings" <-
10
"nTot" <-
c(40, 40, 40, 40, 60, 60, 60, 60, 20, 40, 60, 40, 40, 40, 60, 20, 40, 60, 40, 40, 40, 40, 40, 40, 40, 30, 40, 40, 40, 40)
"Tol" <-
1E-05
